Num_Documents = 1000
Eucledian
k_values = [10, 50, 150, 250, 250]
num_iterations = [50, 25, 25, 25, 75]
SSE = [25153831.831, 21822974.1875, 14609044.8052, 8988738.3263, 8878261.2258]
num_clusters = [6, 31, 118, 212, 210]
Entropy = [29.0928, 119.962, 407.01622, 700.192492337, 695.267277429] 
Skew = [-0.51031, 4.1088, 9.4245613, 13.3611016266, 13.0991360427]
time = [3.52, 4.81, 5.93, 7.62, 11.65]

Manhattan
k_values = [10, 50, 150, 250, 250]
num_iterations = [50, 25, 25, 25, 75]
SSE = [25219761.7334, 22925320.5781, 18614553.5737, 12263103.3035, 12950190.9506]
num_clusters = [5, 41, 110, 218, 216]
Entropy = [24.3508912952, 137.6857128889, 360.271476823, 713.822334379, 687.867327122]
Skew = [1.06066017178, 5.7380101818, 8.99634707765, 13.6267405265, 13.5076244566]
time = [3.1, 4.31, 5.45, 6.1, 10.9]
